16.0 52
0.784548274285  0.911681474982
3.77998838402  1.47241204602
2.74058055188  2.67612421685
5.61877340188  2.60870209953
1.83146942155  5.76508532803
5.71862140553  6.89405978523
6.02983082684  10.2072340373
6.12018832718  13.5783399034
3.01758461748  13.3608492023
1.21023689186  15.2530183013
8.7743657551  2.59743212684
12.5371526019  2.41256503096
12.6150538166  4.58371538376
12.7489094571  6.81180875647
10.8379570703  9.39006215785
9.78787242193  9.5652410316
8.73541514773  9.51185695043
8.97406176242  11.1681474982
9.10673109005  13.2819593935
10.9688469286  11.3324518369
12.6231602882  10.6979721464
12.5802553044  11.8981253784
12.6575633627  14.0121349925
10.8442840725  15.3328967043
12.7307193258  15.7261594355
13.4682105211  1.43781125267
14.6861584469  1.43346143865
15.5064938275  0.459103098007
15.5171706437  1.48763639509
15.4177180777  2.57370586854
14.5861127244  2.46239017337
13.5354349196  2.58042830839
13.3258529713  3.72403395821
14.3729718374  3.26315139083
15.4831630068  3.54490070808
15.0586607021  5.31784535917
14.5793902846  7.1481284678
15.0448203848  9.31789478887
13.7839674753  10.522397835
13.7392830221  11.5511288509
13.367769361  13.0953128282
14.749428469  12.8618069029
15.6893837352  12.7441642055
14.3684243046  13.4917390606
13.541564203  13.8375492752
13.8820360095  14.6363333045
14.8184323369  14.1758461748
15.5887448562  13.7159522015
14.6606527193  14.9764096734
15.5458398725  14.9161054336
14.6153751097  15.9479999506
15.7779617661  15.9438478554
